20
33
38
39
41
48
64
70
82
127
130
134
136
149
174
176
182
194
199
201
221
246
247
264
267
273
277
289
291
307
308
315
328
329
332
340
346
363
364
382
386
389
421
425
446
456
459
464
465
480
489
499
504
515
530
540
544
555
558
575
580
589
604
617
639
657
662
669
677
689
705
716
717
726
730
742
767
775
784
799
827
846
853
878
899
902
932
937
944
946
950
955
966
978
981
988
1004
1005
1007
1021
1044
1046
1050
1053
1064
1065
1068
1076
1079
1081
1095
1100
1119
1124
1146
1148
1156
1161
1162
1164
1189
1200
1206
1208
1216
1224
1225
1226
1234
1237
1248
1255
1261
1291
1306
1308
1312
1314
1329
1331
1333
1355
1359
1362
1385
1426
1438
1457
1478
1504
1505
1513
1517
1527
1546
1547
1556
1558
1570
1574
1590
1634
1641
1648
1652
1653
1666
1668
1678
1693
1735
1736
1741
1750
1763
1797
1809
1836
1838
1858
1867
1869
1891
1892
1897
1898
1911
1918
1923
1927
1933
1936
1943
1947
1955
1958
1999
2002
2022
2041
2042
2046
2059
2066
2073
2076
2092
2093
2095
2096
2144
2149
2155
2165
2175
2182
2186
2191
2199
2201
2202
2209
2213
2232
2233
2236
2241
2242
2247
2258
2268
2270
2277
2282
2284
2288
2292
2300
2313
2314
2317
2341
2345
2356
2370
2377
2380
2383
2395
2400
2403
2409
2417
2428
2433
2438
2446
2449
2464
2480
2482
2485
2493
2500
2508
2514
2516
2518
2521
2525
2528
2536
2538
2554
2567
2568
2570
2580
2581
2612
2615
2639
2658
2671
2674
2702
2715
2719
2721
2722
2723
2736
2742
2763
2782
2795
2806
2809
2811
2812
2821
2833
2860
2865
2866
2870
2891
2892
2895
2897
2899
2918
2921
2924
2932
2933
2947
2955
2966
2982
2988
2989
2992
2997
3003
3012
3014
3035
3038
3040
3057
3078
3081
3087
3088
3102
3114
3117
3119
3130
3139
3144
3149
3150
3157
3163
3167
3173
3183
3186
3198
3204
3222
3238
3267
3272
3288
3289
3292
3311
3313
3314
3325
3328
3353
3370
3377
3386
3388
3391
3401
3411
3412
3415
3423
3432
3435
3438
3446
3448
3485
3486
3497
3504
3506
3512
3516
3525
3540
3562
3567
3572
3580
3586
3612
3613
3620
3623
3637
3640
3642
3665
3669
3670
3675
3688
3691
3710
3711
3718
3722
3724
3733
3743
3748
3758
3763
3773
3786
3788
3797
3803
3812
3815
3830
3839
3845
3854
3867
3886
3896
3923
3932
3941
3949
3952
3960
3964
3972
3988
3996
4017
4019
4023
4035
4037
4054
4055
4061
4072
4074
4076
4078
4080
4083
4099
4100
4102
4111
4113
4126
4153
4158
4171
4172
4182
4187
4197
4207
4216
4226
4231
4234
4236
4253
4268
4296
4302
4309
4347
4399
4412
4417
4419
4424
4434
4440
4446
4454
4470
4473
4475
4480
4504
4538
4539
4542
4544
4552
4554
4556
4560
4570
4581
4602
4616
4624
4625
4627
4628
4633
4638
4640
4650
4657
4670
4671
4679
4695
4744
4751
4753
4757
4758
4761
4771
4789
4799
4816
4821
4833
4836
4866
4869
4881
4910
4923
4928
4953
4965
5009
5011
5013
5022
5031
5047
5052
5068
5082
5089
5098
5099
5104
5132
5149
5166
5174
5178
5181
5184
5200
5204
5207
5208
5210
5212
5231
5232
5235
5245
5253
5259
5269
5287
5288
5294
5304
5306
5315
5323
5324
5339
5340
5343
5344
5353
5354
5357
5368
5372
5384
5416
5423
5445
5458
5462
5464
5466
5470
5499
5506
5512
5515
5539
5553
5569
5579
5581
5582
5584
5591
5595
5597
5599
5618
5620
5630
5631
5639
5650
5652
5662
5689
5719
5758
5761
5764
5775
5794
5800
5803
5808
5824
5826
5833
5847
5857
5865
5882
5892
5898
5899
5904
5905
5913
5937
5946
5951
5968
5969
5970
5972
5974
5977
5978
5985
5986
5998
6010
6021
6023
6031
6046
6051
6061
6069
6078
6092
6097
6105
6125
6135
6138
6139
6148
6158
6159
6167
6173
6182
6183
6192
6209
6217
6227
6248
6265
6276
6277
6280
6292
6304
6305
6308
6310
6321
6322
6326
6333
6394
6398
6404
6410
6413
6416
6419
6420
6424
6428
6430
6444
6446
6447
6484
6486
6491
6514
6527
6535
6549
6550
6571
6578
6597
6615
6621
6632
6664
6690
6694
6717
6733
6743
6744
6746
6755
6767
6770
6790
6806
6813
6823
6839
6846
6853
6862
6868
6876
6886
6898
6921
6927
6930
6934
6961
6965
6998
7008
7013
7027
7037
7061
7085
7086
7089
7097
7102
7104
7106
7125
7140
7148
7156
7161
7163
7183
7188
7191
7207
7209
7212
7219
7237
7248
7261
7266
7279
7281
7286
7294
7296
7311
7316
7328
7344
7345
7356
7360
7365
7375
7416
7420
7442
7456
7458
7463
7467
7468
7471
7498
7516
7524
7525
7527
7530
7532
7534
7541
7543
7544
7553
7558
7564
7569
7578
7581
7590
7621
7628
7648
7667
7681
7682
7691
7693
7700
7701
7720
7721
7723
7744
7748
7759
7774
7776
7778
7786
7800
7805
7809
7826
7827
7830
7837
7843
7846
7874
7876
7882
7885
7886
7888
7891
7912
7923
7938
7941
7949
7952
7955
7957
7962
7969
7973
7981
7984
7996
7999
8000
8002
8006
8033
8037
8039
8046
8051
8057
8064
8071
8098
8120
8143
8146
8208
8209
8223
8251
