8
37
38
42
54
62
74
95
104
117
119
121
128
137
143
147
149
157
158
159
164
170
180
204
205
210
217
221
227
238
264
293
310
315
325
338
350
351
353
358
362
368
387
390
400
407
414
418
421
424
429
432
434
437
450
472
474
475
478
482
487
511
525
533
536
540
554
562
571
576
593
595
598
600
604
610
619
642
645
649
661
665
684
689
695
702
706
708
721
760
769
773
779
784
814
830
839
846
848
854
855
856
863
869
871
874
875
888
889
892
896
901
906
917
935
936
957
968
984
987
1003
1004
1009
1021
1022
1023
1024
1025
1036
1042
1047
1050
1054
1059
1060
1065
1066
1071
1093
1104
1109
1113
1124
1125
1127
1131
1142
1167
1171
1182
1198
1199
1201
1206
1226
1230
1235
1250
1263
1275
1281
1295
1296
1298
1303
1312
1344
1353
1361
1370
1373
1383
1408
1413
1425
1428
1440
1441
1462
1466
1478
1479
1483
1489
1509
1518
1539
1542
1549
1550
1576
1594
1610
1619
1622
1623
1626
1629
1637
1643
1648
1650
1665
1673
1683
1686
1688
1699
1700
1702
1709
1719
1748
1751
1756
1765
1772
1778
1799
1800
1816
1827
1828
1832
1842
1852
1858
1864
1873
1881
1893
1899
1930
1949
1962
1965
1966
1967
1968
1972
1975
1991
1996
2005
2011
2012
2018
2026
2028
2040
2041
2042
2044
2049
2051
2060
2075
2077
2089
2090
2100
2106
2110
2114
2120
2123
2131
2132
2143
2153
2154
2182
2204
2210
2214
2218
2219
2221
2237
2238
2245
2252
2253
2255
2259
2265
2279
2281
2287
2297
2302
2307
2310
2311
2319
2320
2325
2330
2339
2344
2346
2354
2359
2370
2372
2390
2416
2426
2430
2434
2445
2447
2448
2463
2469
2476
2478
2488
2507
2511
2515
2532
2546
2549
2551
2553
2555
2561
2564
2570
2574
2590
2599
2607
2609
2612
2615
2627
2628
2646
2651
2657
2667
2676
2691
2711
2718
2725
2726
2733
2735
2740
2741
2758
2765
2777
2779
2781
2787
2806
2811
2813
2814
2830
2837
2846
2866
2868
2875
2878
2880
2894
2901
2917
2922
2928
2935
2943
2947
2951
2960
2964
2972
2978
2981
2995
2997
3009
3021
3028
3036
3038
3039
3047
3051
3054
3086
3089
3103
3106
3115
3116
3117
3125
3133
3149
3174
3186
3189
3203
3209
3217
3219
3224
3228
3233
3239
3250
3251
3258
3277
3278
3282
3288
3296
3305
3306
3309
3313
3316
3318
3324
3326
3332
3339
3351
3361
3368
3369
3387
3395
3398
3416
3417
3420
3421
3429
3430
3432
3461
3463
3468
3470
3478
3482
3487
3510
3511
3525
3527
3535
3540
3548
3563
3568
3576
3597
3612
3624
3625
3630
3635
3645
3650
3651
3656
3664
3665
3669
3677
3685
3692
3695
3699
3704
3737
3739
3754
3757
3759
3784
3785
3789
3791
3794
3796
3799
3800
3803
3815
3828
3831
3844
3850
3851
3856
3873
3889
3896
3901
3915
3926
3927
3932
3936
3937
3951
3962
3993
4023
4031
4032
4033
4043
4044
4052
4062
4068
4072
4075
4089
4111
4136
4138
4144
4148
4149
4173
4175
4177
4185
4187
4203
4204
4207
4212
4216
4235
4243
4250
4257
4269
4299
4306
4309
4312
4322
4343
4350
4379
4391
4394
4396
4397
4403
4418
4433
4442
4454
4459
4474
4476
4489
4492
4514
4515
4516
4518
4519
4520
4521
4527
4537
4551
4553
4554
4560
4561
4563
4576
4591
4594
4613
4617
4618
4629
4653
4655
4657
4679
4681
4687
4694
4707
4716
4721
4737
4738
4739
4746
4767
4777
4787
4791
4804
4811
4822
4834
4836
4845
4848
4852
4858
4863
4871
4875
4886
4893
4896
4899
4907
4910
4918
4924
4925
4952
4956
4967
4981
4986
4992
4995
5002
5010
5014
5015
5020
5026
5030
5031
5033
5041
5049
5057
5058
5080
5101
5103
5107
5109
5116
5119
5121
5123
5125
5136
5143
5151
5159
5163
5167
5170
5171
5174
5187
5196
5197
5200
5202
5208
5212
5242
5244
5254
5257
5260
5266
5269
5289
5299
5307
5308
5311
5322
5333
5337
5350
5353
5354
5363
5383
5390
5397
5405
5430
5438
5441
