219
555
964
1029
1066
1159
1382
1435
1448
1509
1735
1751
1826
1866
1890
1951
1967
3154
3260
3290
3457
3505
3594
3595
3845
4148
4245
4270
4505
4598
4954
5173
6574
6660
7222
7301
7421
7586
7658
7916
7931
8092
8299
8608
8715
8822
9219
10203
10496
10906
11001
11341
11581
11709
11835
12004
12179
12214
12478
12494
12654
13223
13629
13823
14073
14190
14387
14729
14949
15424
15851
16303
16548
16652
16715
16854
17371
17622
18337
18428
18766
18805
18888
19534
19551
20168
20238
20828
20953
21245
21246
21462
21627
22147
22287
22320
22379
22430
22757
22857
23068
23171
23916
24807
25216
25378
25611
25905
26050
26825
27021
27266
27922
28485
28654
28866
28996
29247
29273
29487
30061
30457
30968
31233
31899
31984
32178
33313
33518
33606
33699
34189
34480
34526
34538
34568
34768
35623
35627
35901
35938
36020
36126
36538
36707
36727
37231
37367
37608
38125
38220
38286
38512
38517
38710
