13
15
20
35
36
46
48
50
51
66
72
93
102
112
113
128
134
150
153
156
165
173
181
184
195
197
199
203
204
210
211
212
219
251
252
254
257
269
280
312
314
316
320
323
332
333
337
342
344
349
359
380
384
388
391
396
397
405
410
420
427
431
434
438
447
465
470
472
475
481
487
488
489
499
504
519
520
528
530
531
532
539
542
544
551
571
575
579
584
593
598
605
609
612
615
629
653
663
664
672
673
681
687
693
697
700
703
704
706
718
722
723
728
733
735
742
743
744
749
765
769
770
774
780
790
796
806
812
814
815
848
852
857
860
861
864
873
885
894
898
899
911
917
923
926
931
933
935
940
945
947
956
970
973
977
984
988
1004
1005
1013
1024
1025
1043
1054
1055
1063
1067
1077
1094
1101
1105
1110
1118
1124
1125
1133
1142
1148
1158
1159
1173
1174
1176
1182
1185
1186
1188
1194
1195
1196
1197
1230
1239
1246
1253
1262
1265
1271
1273
1282
1289
1291
1294
1295
1304
1307
1318
1323
1328
1329
1345
1351
1378
1379
1384
1385
1393
1394
1403
1411
1412
1433
1436
1440
1455
1462
1464
1467
1472
1482
1483
1486
1487
1488
1504
1511
1519
1531
1534
1539
1543
1558
1559
1565
1566
1570
1584
1590
1591
1592
1594
1601
1603
1605
1627
1630
1640
1641
1648
1657
1666
1668
1672
1686
1697
1707
1715
1726
1730
1733
1742
1746
1747
1750
1784
1785
1812
1816
1833
1834
1850
1859
1888
1890
1895
1917
1919
1927
1930
1931
1948
1960
1963
1974
1995
1996
2004
2006
2013
2038
2041
2044
2049
2051
2062
2064
2086
2101
2110
2115
2118
2120
2150
2151
2155
2166
2174
2188
2189
2201
2229
2245
2251
2269
2270
2273
2282
2284
2291
2292
2304
2305
2306
2317
2325
2326
2331
2333
2336
2337
2338
2345
2359
2360
2364
2374
2379
2385
2386
2387
2395
2399
2408
2410
2415
2423
2434
2435
2441
2444
2445
2449
2451
2452
2463
2471
2474
2480
2486
2493
2495
2496
2498
2499
2525
2526
2532
2538
2545
2552
2553
2568
2571
2577
2578
2580
2582
2586
2588
2589
2591
2601
2622
2624
2635
2644
2658
2662
2667
2671
2684
2688
2691
2698
2707
2720
2722
2726
2731
2739
2751
2755
2756
2760
2761
2762
2778
2782
2783
2792
2807
2820
2823
2824
2825
2827
2836
2839
2840
2841
2850
2852
2864
2865
2867
2876
2890
2911
2917
2921
2929
2943
2950
2953
2962
2975
2983
2993
2995
3007
3013
3017
3019
3022
3029
3042
3049
3057
3058
3061
3088
3100
3103
3104
3109
3115
3128
3132
3134
3135
3154
3155
3156
3162
3167
3175
3189
3199
3202
3206
3224
3229
3251
3252
3270
3280
3289
3290
3294
3296
3303
3306
3324
3326
3339
3345
3347
3350
3351
3358
3366
3378
3388
3390
3402
3411
3429
3432
3434
3440
3442
3444
3452
3455
3456
3469
3474
3476
3482
3496
3497
3512
3515
3523
3535
3536
3544
3547
3551
3563
3571
3580
3582
3590
3593
3597
3600
3602
3617
3623
3628
3632
3638
3652
3655
3660
3671
3672
3678
3682
3690
3692
3700
3704
3712
3726
3727
3739
3753
3759
3773
3774
3775
3780
3782
3789
3796
3807
3816
3821
3861
3865
3873
3899
3901
3906
3917
3920
3931
3933
3954
3957
3970
3974
3985
3992
3994
4021
4023
4024
4030
4032
4041
4048
4057
4062
4071
4073
4102
4117
4118
4120
4121
4122
4129
4137
4151
4152
4158
4169
4172
4188
4191
4192
4198
4209
4215
4231
4258
4265
4266
4268
4272
4275
4278
4282
4284
4287
4290
4299
4300
4303
4322
4338
4343
4346
4357
4366
4367
4381
4394
4397
4398
4401
4405
4406
4408
4415
4418
4434
4438
4439
4444
4451
4460
4468
4482
4483
4503
4521
4527
4535
4542
4545
4558
4564
4565
4580
4581
4591
4596
4607
4617
4620
4623
4627
4629
4635
4642
4647
4653
4655
4661
4663
4664
4672
4676
4677
4680
4681
4687
4696
4700
4706
4716
4720
4732
4743
4747
4762
4767
4769
4774
4780
4787
4788
4801
4806
4807
4818
4827
4831
4850
4858
4868
4872
4875
4876
4882
4883
4890
4891
4895
4896
4904
4909
4917
4920
4931
4942
4951
4958
4964
4967
4983
4998
4999
5011
5015
5016
5026
5027
5033
5044
5048
5050
5055
5057
5068
5073
5086
5091
5094
5108
5111
5113
5115
5118
5122
5128
5139
5141
5143
5151
5170
5175
5179
5184
5187
5192
5196
5205
5206
5210
5212
5216
5222
5232
5233
5234
5241
5256
5259
5266
5267
5270
5271
5283
5284
5286
5289
5308
5321
5334
5336
5337
5347
5354
5360
