32
39
56
57
85
175
205
222
225
233
246
273
275
284
286
303
386
460
468
481
516
523
531
564
672
681
691
761
768
801
811
813
834
847
877
894
902
937
968
978
981
982
1027
1028
1037
1039
1051
1053
1115
1117
1125
1147
1153
1183
1223
1254
1284
1297
1304
1307
1329
1342
1367
1408
1418
1459
1473
1541
1593
1596
1639
1675
1726
1780
1786
1809
1819
1902
1903
1991
1996
2022
2023
2024
2036
2043
2061
2140
2147
2153
2167
2241
2250
2267
2278
2284
2290
2297
2305
2347
2351
2388
2411
2439
2444
2463
2487
2488
2640
2701
2714
2743
2782
2785
2798
2821
2826
2840
2846
2875
2921
2926
2940
3020
3022
3047
3052
3093
3120
3139
3141
3280
3288
3336
3339
3355
3374
3400
3496
3497
3570
3571
3649
3650
3661
3672
3690
3703
3720
3742
3760
3768
3780
3808
3826
3846
3852
3891
3951
3952
3958
3959
3972
3992
3993
4008
4081
4089
4130
4150
4152
4167
4185
4188
4212
4224
4239
4243
4320
4360
4381
4396
4402
4408
4447
4450
4512
4570
4605
4615
4634
4730
4737
4755
4773
4793
4801
4823
4853
4880
4885
4914
4925
4951
4988
5021
5070
5097
5124
5127
5166
5178
5182
5199
5209
5226
5255
5266
5279
5308
5309
5343
5351
5356
5394
5413
5424
5508
5570
5579
5612
5654
5663
5677
5715
5719
5739
5767
5819
5834
5852
5916
5925
5938
5996
6007
6063
6100
6107
6124
6157
6201
6215
6241
6243
6244
6259
6269
6305
6319
6322
6338
6367
6374
6382
6415
6420
6425
6461
6466
6480
6488
6496
6504
6514
6542
6561
6570
6591
6601
6608
6609
6611
6612
6620
6625
6631
6671
6692
6723
6730
6748
6764
6855
6871
6898
6899
6902
6912
6946
7026
7088
7096
7159
7171
7177
7244
7247
7267
7273
7290
7301
7310
7311
7331
7359
7395
7402
7424
7460
7492
7507
7535
7592
7624
7642
7674
7684
7714
7759
7765
7783
7786
7822
7858
7864
7866
7876
7882
7887
7901
7995
7998
8008
8011
8021
8027
8087
8111
8120
8129
8141
8156
8192
8204
8213
8253
8255
8268
8293
8342
8355
8374
