5
8
11
13
20
22
30
36
37
41
44
48
51
55
62
74
82
83
93
102
103
104
129
134
136
139
141
153
160
180
194
197
201
206
227
231
244
246
248
250
252
254
261
264
265
278
284
289
301
303
326
327
339
341
342
360
383
386
387
393
394
402
421
428
434
451
452
462
463
471
477
480
490
505
507
513
514
525
529
532
535
541
543
545
549
566
575
589
591
594
603
625
628
631
638
656
664
672
676
685
687
714
723
724
725
733
739
742
745
760
770
775
777
804
807
812
818
826
828
829
833
836
849
855
870
872
873
883
886
891
897
903
924
931
959
962
966
967
970
974
976
984
987
990
991
994
1004
1018
1020
1022
1025
1027
1033
1041
1043
1047
1050
1064
1066
1072
1080
1107
1121
1131
1133
1135
1141
1149
1150
1159
1160
1170
1178
1180
1184
1196
1199
1201
1203
1206
1209
1217
1221
1226
1228
1250
1257
1261
1264
1305
1312
1315
1316
1320
1322
1324
1337
1340
1347
1361
1372
1393
1400
1402
1404
1416
1426
1428
1433
1438
1442
1446
1451
1452
1459
1460
1463
1469
1474
1496
1511
1515
1527
1528
1536
1540
1543
1552
1570
1588
1597
1615
1621
1625
1627
1629
1630
1633
1635
1663
1668
1672
1681
1688
1718
1723
1729
1735
1736
1741
1748
1749
1753
1763
1765
1767
1768
1771
1792
1793
1805
1810
1813
1818
1821
1822
1823
1831
1833
1849
1863
1867
1869
1872
1881
1890
1915
1916
1918
1932
1938
1944
1945
1950
1961
1968
1969
1970
1971
1976
1980
1981
2007
2016
2023
2027
2030
2046
2047
2058
2067
2078
2081
2082
2083
2088
2092
2103
2108
2113
2123
2125
2137
2146
2148
2151
2152
2153
2158
2159
2171
2176
2186
2197
2212
2216
2220
2226
2230
2233
2254
2268
2272
2283
2284
2287
2294
2299
2305
2313
2316
2325
2335
2339
2340
2344
2346
2354
2357
2359
2361
2367
2371
2373
2385
2428
2429
2431
2433
2437
2448
2478
2487
2489
2492
2505
2507
2508
2513
2521
2525
2526
2532
2546
2551
2553
2557
2565
2567
2575
2580
2582
2586
2590
2600
2605
2632
2636
2639
2646
2650
2657
2669
2672
2678
2682
2692
2693
2696
2699
2717
2726
2735
2736
2737
2751
2757
2759
2770
2777
2782
2785
2790
2791
2792
2803
2816
2826
2831
2834
2836
2843
2847
2864
2871
2875
2881
2884
2887
2894
2895
2897
2901
2905
2909
2911
2915
2920
2922
2930
2932
2934
2947
2950
2960
2965
2970
2971
2974
2981
2991
2999
3007
3011
3013
3020
3022
3023
3026
3034
3038
3056
3059
3069
3071
3085
3096
3112
3115
3132
3144
3151
3163
3166
3168
3170
3171
3174
3193
3195
3196
3212
3214
3216
3217
3220
3221
3227
3243
3250
3252
3256
3258
3260
3267
3280
3284
3286
3292
3296
3298
3307
3309
3327
3336
3349
3350
3355
3365
3367
3369
3383
3399
3402
3403
3407
3417
3418
3436
3441
3451
3456
3459
3461
3473
3499
3500
3503
3515
3523
3527
3528
3529
3533
3535
3539
3545
3546
3555
3557
3568
3577
3585
3592
3598
3619
3620
3624
3631
3639
3643
3645
3654
3660
3677
3686
3700
3701
3720
3725
3727
3732
3733
3742
3744
3748
3758
3763
3781
3782
3784
3790
3800
3807
3811
3816
3818
3825
3829
3830
3834
3846
3849
3872
3893
3897
3910
3911
3913
3920
3931
3936
3945
3956
3968
3975
3979
3982
3984
3988
3991
3994
4000
4009
4012
4027
4056
4058
4062
4063
4065
4085
4086
4104
4115
4151
4154
4156
4158
4162
4170
4175
4180
4190
4196
4211
4212
4214
4220
4226
4227
4238
4242
4250
4251
4260
4262
4265
4289
4298
4309
4310
4313
4314
4325
4328
4330
4336
4340
4343
4349
4358
4359
4366
4384
4385
4388
4390
4392
4397
4405
4415
4416
4428
4430
4435
4437
4439
4445
4447
4458
4464
4469
4471
4479
4483
4491
4508
4513
4515
4522
4525
4531
4532
4541
4544
4559
4561
4564
4575
4598
4610
4615
4622
4630
4637
4653
4662
4673
4677
4684
4692
4706
4750
4755
4761
4781
4785
4807
4810
4812
4816
4823
4861
4868
4872
4881
4886
4888
4890
4893
4894
4896
4901
4903
4904
4910
4911
4922
4926
4929
4945
4947
4948
4952
4958
4961
4967
4969
4975
4980
4984
4985
4989
5024
5031
5035
5041
5045
5061
5066
5075
5077
5089
5092
5099
5102
5108
5111
5135
5141
5155
5168
5171
5199
5209
5229
5248
5250
5252
5271
5277
5283
5288
5290
5300
5312
5314
5320
5325
5333
5334
5336
5337
5344
5345
5346
5354
5372
5375
5377
5383
5387
5389
5390
5401
5406
5412
5415
5423
5424
5426
5453
5461
5462
5463
5473
5474
5479
5494
5496
5504
5508
5513
5521
5531
5541
5566
5569
5571
5573
5578
5579
5590
5606
5609
5610
5613
5643
5646
5647
5657
5668
5676
5681
5683
5688
5704
5706
5710
5717
5720
5739
5746
5760
5765
5767
5778
5786
5796
5804
5806
5812
5827
5829
5843
5844
5850
5853
5862
5887
5889
5890
5891
5895
5898
5907
5921
5932
5940
5941
5947
5956
5957
5960
5964
5974
5978
5982
5995
5996
6000
6014
6026
6027
6033
6039
6046
6060
6063
6068
6103
6107
6116
6117
6119
6120
6122
6125
6128
6131
6145
6147
6169
6175
6183
6196
6211
6214
6218
6221
6231
6239
6254
6264
6266
6282
6292
6308
6328
6338
6340
6341
6357
6371
6375
6376
6380
6387
6392
6393
6398
6405
6406
6419
6432
6435
6438
6443
6449
6455
6457
6459
6466
6471
6472
6487
6495
6499
6508
6512
6513
6517
6520
6521
6545
6547
6553
6558
6560
6562
6571
6572
6581
6583
6605
6607
6614
6621
6646
6655
6661
6667
6668
6678
6680
6681
6690
6696
6701
6708
6711
6712
6718
6726
6731
6734
6744
6752
6759
6761
6780
6783
6787
6788
6793
6801
6807
6815
6826
6827
6831
6840
6845
6849
6854
6861
6864
6877
6884
6885
6889
6897
6901
6911
6916
6936
6939
6954
6955
6958
6969
6978
6985
6992
6993
6995
6998
7001
7003
7010
7018
7020
7024
7035
7040
7042
7043
7046
7054
7061
7067
7078
7079
7087
7091
7098
7100
7103
7108
7109
7112
7134
7145
7160
7165
7180
7187
7193
7211
7221
7232
7234
7235
7246
7266
7271
7276
7295
7313
7332
7336
7365
7370
7377
7381
7383
7393
7403
7406
7417
7434
7435
7436
7441
7447
7457
7460
7461
7474
7477
7497
7506
7508
7509
7518
7521
7543
7547
7552
7586
7593
7602
7609
7621
7628
7629
7637
7638
7647
7670
7696
7700
7708
7715
7721
7723
7726
7731
7732
7733
7742
7746
7762
7777
7782
7815
7825
7832
7833
7842
7851
7858
7861
7869
7874
7885
7887
7889
7896
7899
7907
7912
7937
7944
7945
7950
7954
7956
7968
7973
7976
7987
7990
7993
7999
8001
8003
8004
8017
8031
8033
8050
8052
8073
8074
8086
8087
8100
8102
8106
8107
8120
8123
8124
8130
8142
8163
8167
8170
8177
8183
8189
8208
8222
8224
8225
8232
8235
8239
8244
8247
8253
8261
8262
8263
8274
8286
8288
8293
8312
8313
8323
8344
8345
8357
8360
8374
8380
8383
8385
8392
8404
8413
8416
8417
8419
8420
8427
8429
8431
8450
8454
8458
8459
8461
8479
8490
8493
8504
8515
8529
8533
8544
8549
8556
8558
8581
8583
8588
8589
8592
8594
8595
8601
8604
8619
8637
8638
8639
8640
8642
8659
8666
8674
8677
8683
8692
8702
8714
8717
8718
8729
8734
8745
8751
8768
8776
8780
8797
8798
8799
8804
8810
8814
8835
8860
8865
8871
8880
8881
8883
8901
8909
8917
8918
8924
8926
8932
8934
8940
8944
8950
8954
8959
8961
8967
8999
9004
9009
9014
9021
9025
9029
9030
9042
9044
9053
9064
9066
9073
9074
9076
9079
9084
9085
9091
9092
9094
9119
9127
9130
9140
9141
9151
9160
9171
9177
9184
9187
9196
9211
9215
9227
9237
9246
9250
9261
9268
9284
9286
9290
9293
9295
9300
9304
9313
9317
9320
9321
9323
9333
9343
9351
9367
9373
9385
9387
9394
9397
9399
9410
9424
9426
9427
9436
9451
9463
9472
9493
9516
9518
9521
9523
9524
9531
9548
9550
9555
9556
9570
9572
9598
9619
9630
9631
9632
9634
9635
9651
9656
9659
9701
9706
9711
9712
9716
9717
9733
9742
9745
9761
9767
9769
9772
9777
9782
9783
9791
9801
9804
9818
9819
9838
9848
9855
9859
9868
9875
9894
9896
9904
9905
9909
9910
9939
9965
9969
9970
9977
9981
9988
9991
10007
10023
10030
10044
10046
10067
10098
10104
10118
10120
10132
10138
10146
10153
10172
10174
10176
10182
10194
10195
10197
10214
10215
10218
10222
10226
10227
10239
10243
10253
10255
10264
10269
10270
10284
10297
10302
10306
10316
10324
10325
10357
10370
10382
10383
10392
10411
10420
10428
10434
10453
10458
10470
10475
10476
10480
10512
10527
10534
10546
10552
10562
10566
10567
10570
10571
10573
10574
10575
10577
10587
10588
10601
10615
10636
10652
10658
10661
10662
10665
10695
10705
10733
10736
10744
10745
10756
10757
10761
10774
10780
10781
10786
10787
10789
10793
10799
10800
10803
10805
10807
10812
10827
10828
10832
10834
10858
10863
10871
10873
10876
10882
10884
10893
10895
10902
10911
10924
10928
10929
10934
10947
10949
10963
10964
10967
10974
10976
10979
10990
10992
10993
11001
11005
11009
11020
11026
11027
11036
11044
11058
11059
11067
11070
11071
11084
11091
11107
11111
11114
11116
11120
11132
11137
11138
11139
11158
11160
11167
11172
11181
11186
11187
11211
11212
11215
11243
11273
11277
11278
11280
11281
11285
11296
11302
11303
11310
11330
11341
11342
11343
11363
11367
11370
11375
11377
11378
11380
11397
11406
11411
11429
11440
11451
11455
11462
11463
11475
11479
11484
11487
11488
11501
11503
11518
11523
11530
11536
11540
11541
11544
11546
11550
11554
11558
11561
11575
11576
11577
11580
11588
11593
11594
11598
11606
11614
11629
11641
11644
11647
11650
11654
11685
11695
11696
11701
11704
11705
11707
11715
11717
11725
11727
11732
11733
11735
11741
11742
11761
11765
11784
11799
11801
11826
11835
11837
11839
11840
11845
11856
11861
11862
11864
11877
11879
11882
11883
11890
11893
11897
11903
11908
11912
11921
11924
11930
11932
11951
11958
11959
11965
11966
11972
11979
11983
11989
11996
11998
12002
12014
12017
12020
12042
12043
12047
12051
12055
12057
12062
12091
12118
12121
12124
12134
12150
12153
12167
12169
12171
12172
12197
12198
12220
12233
12240
12248
12250
12255
12260
12268
12272
12276
12279
12285
12286
12291
12293
12305
12307
12308
12310
12312
12316
12319
12325
12328
12332
12333
12342
12354
12356
12363
12365
12373
12375
12377
12382
12385
12387
12394
12397
12407
12411
12415
12416
12424
12438
12439
12452
12456
12482
12488
12499
12507
12509
12523
12525
12528
12530
12533
12534
12537
12540
12544
12545
12547
12549
12570
12571
12572
12592
12598
12611
12614
12624
12633
12634
12639
12653
12695
12714
12727
12728
12737
12744
12749
12750
12760
12763
12766
12780
12789
12805
12819
12828
12835
12838
12839
12842
12851
12853
12858
12861
12862
12878
12888
12900
12904
12912
12919
12925
12926
12932
12947
12948
12972
12978
12998
13004
13032
13046
13058
13063
13067
13082
13083
13086
13090
13095
13104
13107
13117
13118
13126
13130
13132
13137
13138
13145
13148
13151
13165
13169
13177
13197
13203
13206
13208
13213
13219
13222
13228
13243
13244
13250
13262
13264
13265
13272
13286
13290
13298
13300
13303
13306
13308
13309
13313
13319
13327
13339
13348
13357
13364
13367
13368
13372
13375
13403
13406
13413
13438
13447
13453
13466
13485
13495
13498
13507
13511
13514
13515
13533
13539
13544
13558
13571
13572
13580
13582
13583
13586
13594
13606
13615
13618
13628
13629
13649
13678
13706
13725
13730
13731
13733
13734
13744
13756
13760
13762
13767
13768
13773
13774
13777
13786
13793
13796
13797
13801
13805
13836
13858
13862
13871
13875
13877
13891
13896
13898
13908
13923
13929
13936
13937
13942
13948
13969
13982
13985
13997
14006
14008
14012
14022
14024
14026
14029
14069
14072
14079
14084
14090
14109
14110
14117
14121
14133
14149
14150
14151
14153
14156
14162
14167
14169
14173
14181
14191
14198
14216
14220
14238
14266
14271
14282
14285
14292
14310
14311
14323
14327
14347
14352
14355
14361
14364
14365
14368
14372
14382
14399
14416
14420
14423
14426
14430
14434
14436
14440
14441
14446
14474
14492
14496
14499
14500
14501
14512
14515
14521
14522
14533
14541
14549
14558
14563
14566
14567
14568
14573
14575
14582
14599
14626
14627
14629
14632
14639
14644
14661
14663
14678
14686
14690
14696
14707
14709
14712
14714
14715
14733
14756
14757
14763
14768
14770
14782
14784
14786
14791
14797
14798
14806
14814
14816
14829
14841
14845
14850
14852
14861
14862
14867
14883
14891
14894
14903
14905
14906
14907
14939
14952
14955
14961
14962
14964
14971
14982
14984
15011
15016
15018
15019
15021
15031
15036
15046
15052
15054
15076
15086
15097
15101
15106
15115
15124
15134
15139
15149
15153
15165
15167
15187
15189
15196
15213
15220
15222
15223
15228
15234
15240
15242
15249
15251
15253
15260
15261
15273
15278
15292
15307
15312
15313
15324
15329
15332
15337
15359
15362
15363
15372
15380
15382
15411
15412
15421
15424
15428
15443
15458
15460
15461
15466
15469
15473
15477
15482
15490
15503
15513
15518
15522
15526
15529
15552
15554
15565
15569
15577
15578
15597
15603
15610
15628
15629
15634
15639
15670
15683
15686
15712
15719
15735
15738
15740
15745
15752
15764
15782
15784
15795
15796
15802
15823
15832
15843
15844
15859
15875
15876
15878
15894
15937
15940
15955
15967
15968
15970
15971
15977
15980
15994
16005
16021
16041
16049
16054
16055
16062
16064
16070
16073
16089
16098
16099
16112
16113
16126
16129
16132
16142
16162
16164
16174
16182
16188
16192
16202
16209
16220
16221
16225
16229
16230
16240
16249
16262
16270
16283
16313
16323
16326
16332
16336
16344
16348
16351
16352
16362
16367
16369
16381
16383
16392
16432
16456
16472
16485
16488
16490
16508
16554
16555
16557
16574
16582
16585
16589
16598
16601
16613
16625
16629
16630
16638
16639
16649
16658
16692
16711
16715
16723
16725
16729
16730
16752
16763
16766
16792
16794
16798
16803
16830
16831
16839
16843
16845
16850
16864
16869
16874
16889
16892
16893
16897
16903
16908
16919
16920
16926
16935
16947
16949
16954
16955
16984
16990
16991
16993
16999
17000
17002
17025
17029
17031
17038
17048
17085
17097
17127
17144
17148
17151
17153
17154
17163
17176
17177
17188
17203
17207
17211
17216
17223
17224
17228
17234
17243
17247
17260
17273
17275
17282
17292
17315
17324
17329
17341
17343
17344
17355
17364
17370
17380
17382
17386
17395
17399
17402
17404
17406
17426
17432
17442
17444
17445
17452
17463
17475
17481
17483
17505
17508
17513
17514
17517
17522
17540
17542
17547
17550
17555
17556
17557
17560
17563
17568
17573
17615
17617
17618
17621
17633
17656
17673
17674
17676
17688
17703
17717
17718
17720
17724
17730
17735
17748
17751
17761
17767
17777
17779
17785
17787
17803
17804
17818
17824
17837
17838
17852
17853
17859
17868
17874
17875
17876
17879
17880
17882
17885
17894
17900
17901
17906
17917
17918
17919
17922
17927
17928
17931
17933
17951
17957
17963
17969
17971
17979
17987
17990
18005
18007
18028
18033
18039
18048
18053
18055
18065
18069
18076
18082
18088
18105
18121
18122
18124
18134
18146
18170
18176
18177
18183
18188
18200
18210
18212
18215
18218
18219
18224
18238
18252
18269
18270
18275
18290
18294
18306
18309
18322
18335
18346
18353
18354
18365
18370
18382
18383
18392
18393
18403
18410
18416
18426
18429
18441
18447
18462
18465
18467
18469
18494
18496
18497
18514
18517
18522
18525
18527
18531
18534
18537
18544
18547
18563
18564
18568
18577
18578
18595
18599
18616
18637
18641
18649
18664
18674
18676
18677
18691
18698
18700
18710
18719
18720
18721
18722
18725
18735
18755
18757
18763
18770
18775
18782
18789
18792
18803
18805
18820
18821
18831
18834
18844
18851
18858
18863
18864
18867
18874
18893
18896
18905
18906
18911
18932
18939
18954
18959
18961
18976
18984
18989
18993
19000
19011
19013
19018
19025
19029
19030
19037
19040
19053
19065
19067
19071
19077
19081
19083
19094
19106
19108
19113
19120
19124
19125
19139
19144
19156
19163
19182
19190
19194
19196
19199
19206
19208
19214
19218
19225
19260
19266
19269
19272
19296
19297
19300
19309
19310
19312
19319
19321
19332
19337
19357
19377
19386
19387
19393
19394
19395
19413
19415
19421
19423
19424
19426
19445
19453
19458
19460
19467
19470
19475
19499
19506
19510
19522
19526
19529
19530
19536
19547
19550
19555
19559
19562
19566
19569
19585
19603
19604
19606
19610
19621
19625
19638
19648
19654
19665
19668
19670
19679
19688
19689
19690
19695
19701
19702
19707
19712
19714
19717
19718
19722
19723
19725
19727
19731
19739
19743
19773
19774
19812
19823
19828
19834
19843
19845
19847
19854
19859
19866
19867
19878
19880
19881
19883
19889
19892
19893
19896
19898
19911
19912
19913
19917
19926
19938
19940
19945
19951
19952
19953
19957
19962
19965
19972
19986
19991
20003
20013
20014
20019
20020
20021
20022
20030
20031
20041
20049
20054
20057
20077
20106
20107
20108
20119
20128
20129
20131
20133
20143
20146
20149
20152
20156
20159
20168
20181
20182
20184
20191
20198
20211
20214
20229
20230
20235
20240
20246
20265
20270
20276
20282
20288
20292
20293
20303
20305
20306
20308
20310
20318
20319
20325
20328
20330
20331
20341
20344
20352
20361
20379
20400
20406
20420
20429
20438
20439
20452
20479
20492
20493
20495
20499
20500
20502
20504
20508
20512
20519
20521
20522
20540
20560
20564
20572
20574
20593
20596
20597
20601
20606
20610
20617
20625
20634
20635
20642
20648
20651
20686
20689
20697
20698
20701
20726
20729
20740
20744
20749
20758
20763
20764
20785
20794
20831
20834
20842
20843
20846
20856
20862
20872
20882
20894
20902
20911
20912
20918
20920
20922
20933
20941
20945
20946
20949
20952
20958
20966
20967
20970
20974
20982
20990
20994
20998
21005
21016
21019
21032
21036
21050
21051
21056
21064
21068
21082
21084
21096
21144
21149
21159
21160
21162
21186
21189
21190
21215
21217
21221
21224
21227
21232
21241
21242
21243
21267
21269
21301
21305
21309
21311
21331
21332
21359
21379
21386
21401
21402
21410
21413
21414
21416
21417
21418
21424
21449
21452
21463
21467
21484
21495
21500
21501
21505
21510
21514
21527
21533
21536
21537
21543
21548
21549
21557
21566
21571
21576
21586
21589
21590
21598
21612
21614
21621
21632
21639
21647
21649
21650
21652
21660
21680
21688
21692
21698
21712
21716
21725
21745
21751
21754
21755
21786
21795
21796
21799
21802
21806
21810
21814
21825
21826
21832
21835
21839
21850
21851
21862
21867
21895
21902
21907
21926
21927
21935
21937
21939
21940
21945
21961
21965
21968
21975
21994
21995
22002
22004
22011
22017
22020
22025
22026
22029
22030
22032
22054
22055
22056
22063
22079
22089
22103
22121
22123
22133
22142
22153
22157
22166
22179
22184
22192
22194
22197
22217
22220
22223
22225
22237
22241
22243
22248
22257
22258
22262
22267
22279
22296
22300
22309
22312
22345
22350
22352
22368
22380
22403
22426
22427
22434
22439
22442
22447
22450
22451
22453
22458
22463
22472
22484
22491
22492
22493
22516
22522
22542
22549
22565
22566
22573
22576
22588
22589
22596
22601
22603
22608
22617
22619
22620
22626
22628
22639
22650
22656
22673
22677
22684
22687
22702
22709
22717
22728
22732
22734
22735
22736
22752
22754
22760
22766
22787
22801
22805
22816
22819
22822
22831
22833
22835
22857
22862
22863
22870
22873
22874
22886
22894
22896
22901
22904
22909
22931
22934
22939
22940
22942
22949
22951
22960
22961
22962
22972
23000
23009
23011
23017
23018
23046
23058
23061
23064
23068
23070
23077
23082
23084
23092
23093
23117
23120
23126
23127
23144
23147
23181
23190
23192
23194
23197
23209
23218
23220
23230
23234
23245
23261
23265
23268
23284
23287
23294
23305
23323
23324
23338
23355
23356
23358
23359
23373
23387
23393
23394
23397
23407
23411
23413
23417
23422
23433
23445
23448
23465
23469
23477
23482
23483
23484
23502
23522
23527
23528
23530
23533
23549
23553
23554
23563
23565
23568
23575
23578
23581
23592
23604
23606
23625
23660
23661
23662
23692
23703
23704
23708
23715
23721
23727
23732
23737
23748
23749
23764
23766
23774
23775
23781
23788
23799
23800
23808
23815
23826
23832
23833
23834
23835
23844
23858
23870
23878
23882
23893
23899
23902
23918
23936
23937
23946
23952
23961
23980
23989
23991
24007
24008
24012
24015
24017
24018
24021
24027
24028
24030
24038
24044
24045
24046
24051
24074
24077
24094
24095
24100
24114
24115
24120
24125
24130
24151
24159
24173
24178
24181
24184
24185
24189
24192
24197
24202
24206
24207
24213
24227
24236
24248
24250
24268
24275
24276
24279
24294
24315
24317
24326
24327
24329
24347
24352
24365
24377
24379
24388
24400
24403
24422
24434
24435
24437
24450
24455
24456
24459
24460
24462
24480
24486
24495
24500
24503
24506
24509
24524
24526
24537
24539
24544
24547
24557
24559
24561
24574
24582
24583
24589
24593
24600
24604
24611
24613
24616
24619
24626
24634
24640
24653
24657
24664
24676
24682
24699
24705
24725
24729
24730
24743
24746
24758
24781
24784
24794
24800
24812
24813
24820
24822
24841
24861
24866
24887
24889
24895
24896
24917
24923
24924
24935
24938
24950
24954
24965
24967
24980
24989
24998
25000
25011
25012
25036
25041
25042
25046
25047
25055
25058
25068
25070
25081
25092
25095
25101
25108
25115
25116
25117
25121
25135
25144
25160
25165
25173
25179
25182
25184
25192
25200
25208
25215
25229
25233
25237
25252
25254
25258
25260
25265
25266
25285
25286
25288
25296
25306
25309
25311
25318
25319
25334
25345
25346
25351
25359
25360
25366
25375
25376
25385
25386
25394
25401
25402
25409
25411
25417
25421
25429
25440
25442
25451
25452
25453
25458
25467
25470
25479
25501
25512
25528
25530
25537
25542
25546
25549
25551
25557
25566
25570
25574
25577
25587
25589
25598
25602
25605
25608
25624
25638
25660
25664
25668
25671
25675
25680
25684
25695
25697
25704
25712
25716
25719
25736
25740
25747
25748
25750
25754
25755
25756
25757
25759
25764
25768
25769
25774
25789
25804
25806
25823
25825
25827
25829
25830
25833
25839
25840
25841
25848
25853
25867
25880
25891
25895
25899
25903
25916
25917
25924
25955
25961
25972
25984
26000
26006
26016
26023
26034
26038
26051
26065
26077
26097
26100
26121
26122
26123
26126
26140
26144
26158
26159
26160
26161
26162
26170
26173
26188
26196
26206
26208
26238
26246
26262
26265
26267
26273
26274
26280
26291
26303
26314
26315
26321
26323
26328
26336
26338
26340
26347
26350
26377
26380
26384
26433
26435
26446
26458
26459
26460
26475
26477
26481
26495
26499
26511
26528
26535
26538
26540
26541
26545
26547
26550
26552
26557
26558
26561
26564
26566
26574
26585
26589
26590
26595
26597
26599
26613
26615
26616
26619
26622
26626
26636
26643
26684
26686
26687
26701
26709
26751
26752
26763
26767
26794
26797
26804
26810
26812
26813
26829
26844
26856
26870
26873
26881
26886
26888
26890
26893
26896
26908
26909
26912
26922
26934
26949
26951
26966
26971
26974
26985
26990
26996
27001
27002
27006
27017
27019
27031
27044
27045
27046
27050
27053
27081
27102
27104
27115
27123
27126
